8890
3772
3496
3475
3238
3467
8903
3482
3245
8869
3241
3469
8929
2991
3486
3489
3490
8887
2975
3498
3264
8848
8886
3236
3277
3457
8893
3276
3495
8801
8891
3003
3228
3244
3261
3275
3284
3458
8918
2986
3266
3288
3491
3231
3474
8908
9820
2353
2999
3477
3480
3452
8995
8877
8904
8931
8935
2987
3454
3465
3479
3464
8897
8928
3232
3252
8889
3246
5280
8818
8844
8860
8885
8945
2997
3497
4666
8854
8850
8912
2982
3242
8938
2983
3237
8892
8909
8922
8999
2970
3271
3286
3289
3291
8842
8923
3300
2978
8946
3248
3293
2980
8802
2981
3280
6625
8803
8830
8914
3294
8836
8917
8925
8927
8934
8940
9816
2998
8881
8905
3297
3299
3484
3528
8894
8919
3494
8871
3461
8804
8806
9706
4809
8944
8841
8864
2993
2337
8898
3254
6620
